600.001	1.17406195287728
600.002	1.45827982220386
600.003	0.972808438108171
600.004	0.995078028240687
600.005	1.0848622717225
600.006	1.08009892126927
600.007	0.815331822525823
600.008	1.46796367378094
600.009	1.04889430833717
600.01	0.994179679992761
600.011	1.20463462219738
600.012	0.740648225273353
600.013	1.15249805380508
600.014	0.923279514429255
600.015	0.77469612934286
600.016	0.967054574700496
600.017	0.745303280810856
600.018	0.703134954164485
600.019	0.900109091974388
600.02	0.932184119060912
600.021	1.23379174966181
600.022	0.797346545275426
600.023	1.08127519092703
600.024	1.27650903008973
600.025	1.04531273383704
600.026	0.845401772614457
600.027	0.953089867024252
600.028	1.30883472038341
600.029	1.08140745299586
600.03	1.09491930741228
600.031	0.903696223472617
600.032	1.22390368974971
600.033	0.629042610800952
600.034	1.23934936309841
600.035	1.24575767285105
600.036	0.868018564662213
600.037	1.07750439011993
600.038	0.615088697197112
600.039	1.06125701641218
600.04	0.839781761929781
600.041	1.26776502432659
600.042	1.08539783646
600.043	0.973455136403433
600.044	1.16772106578682
600.045	0.93040337562994
600.046	1.13096878109451
600.047	1.18128213646708
600.048	0.872109795021842
600.049	1.2230729080278
600.05	0.709168982904294
600.051	1.0095772330098
600.052	0.855920972597326
600.053	1.10787429395095
600.054	1.08742826011659
600.055	0.877942977041438
600.056	1.09382777153501
600.057	1.02455614542098
600.058	0.950704617910983
600.059	0.575252292587595
600.06	1.01987265611437
600.061	0.904384960341021
600.062	0.956368423212169
600.063	0.606500645513027
600.064	0.469359575200979
600.065	0.661223676003838
600.066	0.645205264298153
600.067	0.609270340493173
600.068	0.833858889512196
600.069	1.04433324121645
600.07	0.695339507433815
600.071	1.19706517739826
600.072	0.961882973912776
600.073	0.989900726266368
600.074	1.10572988577861
600.075	0.767873765340288
600.076	1.03570823742032
600.077	1.03377885152683
600.078	1.0817552960545
600.079	0.788771087600993
600.08	1.27956999679746
600.081	0.899465266732805
600.082	0.697567970634004
600.083	0.99216640043538
600.084	0.984688291927579
600.085	1.34641631098123
600.086	1.42350508724871
600.087	1.21012155276559
600.088	1.05293320834587
600.089	0.58549681351142
600.09	1.43540141800441
600.091	0.688934023025529
600.092	0.790506123322192
600.093	1.03031641443557
600.094	1.08870521748293
600.095	1.00995309357529
600.096	0.836512735877547
600.097	0.878762483749602
600.098	1.33559492300907
600.099	0.94100176787463
600.1	0.999888450829069
600.101	0.973643829863294
600.102	0.929177789967763
600.103	0.817730027852819
600.104	1.05004509548269
600.105	1.1246758818434
600.106	0.931268405074529
600.107	0.980885344373223
600.108	1.05255924349399
600.109	0.756751174200523
600.11	0.948577488199649
600.111	1.11630606008855
600.112	1.38467266090721
600.113	1.19045909111002
600.114	1.19595539729216
600.115	0.989575891658338
600.116	1.15159044463791
600.117	0.938904494002316
600.118	0.74073507740865
600.119	0.909353770746815
600.12	0.941151042292041
600.121	1.07390872514296
600.122	0.804976266518842
600.123	0.971379686860365
600.124	1.0249519924158
600.125	1.33705087438675
600.126	1.23293189420295
600.127	0.941669306604436
600.128	1.01962419886874
600.129	1.25292634135179
600.13	0.787735213376357
600.131	1.16168688859589
600.132	1.00261962938853
600.133	1.1268348738839
600.134	0.933083374318852
600.135	1.21187492769674
600.136	0.668630384006646
600.137	0.634833679528662
600.138	1.40391743451761
600.139	0.915463501097404
600.14	0.963897816880242
600.141	1.12538482350895
600.142	0.914492053977861
600.143	1.40105390418402
600.144	0.815950659431692
600.145	0.79684790881224
600.146	1.04843764943058
600.147	1.3462318080135
600.148	0.743693998972866
600.149	0.91328612413266
600.15	1.12894733901017
600.151	1.13516722153742
600.152	0.929282445720432
600.153	1.07569136762885
600.154	0.852075518150275
600.155	1.11829303007015
600.156	0.997400857968533
600.157	1.55088164504738
600.158	0.912185809262439
600.159	0.899397025911365
600.16	1.18316801615383
600.161	1.06544475502831
600.162	1.06608236222049
600.163	1.03587517330779
600.164	0.79778719830953
600.165	0.913799939283275
600.166	1.12527663140583
600.167	1.15559753309135
600.168	1.05451669163059
600.169	1.21215775674983
600.17	0.866764280039368
600.171	1.00424399016647
600.172	0.726035985013366
600.173	0.843589415136953
600.174	0.979360517869611
600.175	0.944505988449608
600.176	1.07207665520462
600.177	0.97256426835792
600.178	1.10664748952945
600.179	0.793788480186182
600.18	1.18850013512719
600.181	1.17821059997235
600.182	1.21407509513966
600.183	1.07404745995263
600.184	0.699737493077647
600.185	1.12989867542949
600.186	1.17793599499078
600.187	0.939008813495015
600.188	0.759529569967721
600.189	0.833723296676941
600.19	0.884210543107899
600.191	0.92216375113506
600.192	0.715997038250564
600.193	0.769103148793225
600.194	1.0979163113899
600.195	0.898777405054017
600.196	1.2013601264166
600.197	0.920635828828333
600.198	1.17698111155864
600.199	0.90546653054943
600.2	0.961198625796566
600.201	1.01524650004635
600.202	1.0247105703748
600.203	0.516970785160906
600.204	0.980352904227546
600.205	0.987241827463532
600.206	1.11951258132666
600.207	1.1243119602236
600.208	0.970139530299469
600.209	1.09561355586399
600.21	1.06665007267925
600.211	1.03686304601092
600.212	1.33041185045863
600.213	0.888694697184108
600.214	0.809246310761375
600.215	0.760031090105234
600.216	1.25874033664557
600.217	0.695246229947279
600.218	0.947668910922955
600.219	0.829729733768935
600.22	0.663319495850274
600.221	1.0438157065157
600.222	1.04960882594486
600.223	1.04857256631576
600.224	0.931363435838325
600.225	0.937254334707033
600.226	0.999097249997469
600.227	1.11247927203788
600.228	1.13845634049157
600.229	1.02395329010302
600.23	0.877375012604804
600.231	0.842994361588208
600.232	0.7069136323454
600.233	1.04471387605457
600.234	1.20383076363964
600.235	1.18933033379264
600.236	1.52866497119699
600.237	0.871578204359528
600.238	1.10813090133564
600.239	1.12500039481995
600.24	0.918563278095421
600.241	1.09983277745634
600.242	0.941325772192159
600.243	0.924034918663938
600.244	1.0959718748374
600.245	0.999164996477329
600.246	1.16061095292516
600.247	0.765075687983311
600.248	0.900777032345413
600.249	1.18775130271343
600.25	0.605569502554854
600.251	0.831494723914709
600.252	0.78484585922633
600.253	0.944664038219542
600.254	1.00247212057697
600.255	0.952484230905124
600.256	1.09685709253501
600.257	0.866153072685979
600.258	1.12608540023248
600.259	0.827434309755095
600.26	1.32865525347385
600.261	0.929740782235208
600.262	0.953623536751976
600.263	0.9422381168451
600.264	1.08632213029122
600.265	0.842887850083291
600.266	0.998634619800675
600.267	1.04495304904325
600.268	0.934923226324814
600.269	0.995194621523853
600.27	0.933360748320027
600.271	1.03010320751441
600.272	1.16249160233261
600.273	0.843955123896302
600.274	1.11163157223241
600.275	0.655342857125499
600.276	0.896038986609548
600.277	1.15773037035848
600.278	1.04896044175441
600.279	1.14640647023044
600.28	1.05959856076601
600.281	1.10483416677239
600.282	1.29284855491592
600.283	0.964064803985185
600.284	0.964898644788093
600.285	0.863886345045991
600.286	0.49433962781375
600.287	1.11195063433995
600.288	0.93729458507684
600.289	1.16798405567182
600.29	1.01474146081956
600.291	0.845929666798263
600.292	0.866031373716992
600.293	1.01089982964074
600.294	1.09732312964791
600.295	0.925823919105735
600.296	0.993601484331467
600.297	0.595710592991831
600.298	0.730128405323812
600.299	0.999491366528441
600.3	0.811889258581814
600.301	0.823181455506035
600.302	0.564023591410898
600.303	1.04093390684512
600.304	1.40082889209201
600.305	1.02609958296735
600.306	0.839403424205709
600.307	0.984205252996443
600.308	0.639334972091656
600.309	0.826025554755158
600.31	0.937870202555555
600.311	0.716125592195904
600.312	0.965728707934247
600.313	1.24641942999826
600.314	1.09341062116556
600.315	0.834911562151594
600.316	1.45511895324755
600.317	0.544864215332163
600.318	1.0845749967141
600.319	1.07244568514595
600.32	0.588084102224751
600.321	0.979140980890301
600.322	0.749769894837556
600.323	0.828874815981023
600.324	0.922293201644611
600.325	1.14041311631106
600.326	1.10112217410357
600.327	1.1412967839993
600.328	1.12743598125308
600.329	1.0232853630398
600.33	0.902620435331126
600.331	1.05662212756442
600.332	1.17156306869254
600.333	1.04298180849175
600.334	1.06021506521863
600.335	0.87111605029777
600.336	0.687392983162613
600.337	0.986635406476761
600.338	0.907615203003851
600.339	0.866974777413575
600.34	1.02619781678586
600.341	1.03216450610748
600.342	0.928979347953246
600.343	1.37339845678304
600.344	0.564916866879208
600.345	0.975200795294314
600.346	1.02484014087644
600.347	1.10870647953644
600.348	1.29404430431424
600.349	0.850073476925248
600.35	0.868562971220205
600.351	0.985480460827602
600.352	0.849253808470429
600.353	0.650584617330535
600.354	1.12668293017473
600.355	1.15774466258082
600.356	1.18131953349492
600.357	1.19718222903323
600.358	0.733717688246356
600.359	0.976701693611497
600.36	1.33677093645507
600.361	1.15741125836987
600.362	0.867751288439696
600.363	1.02881967872147
600.364	1.11848323561127
600.365	0.927625794226899
600.366	1.33100071167866
600.367	1.33815410206855
600.368	0.974684594437468
600.369	1.33631098088746
600.37	0.966658927389005
600.371	1.05963567794265
600.372	0.98201681829128
600.373	1.03722540135318
600.374	1.00988621349241
600.375	0.986893811255172
600.376	1.29992136186565
600.377	0.687718979417683
600.378	0.980232636868223
600.379	1.03578595765587
600.38	1.16281106832544
600.381	1.12223315479152
600.382	0.808566825662385
600.383	0.815035344584999
600.384	1.13256138121187
600.385	1.06184656681935
600.386	0.995445067525239
600.387	1.4121806065243
600.388	0.890368518919949
600.389	0.755452855428121
600.39	0.639843939708837
600.391	0.897859918326395
600.392	1.24045145819708
600.393	1.1351211541724
600.394	1.39637763145112
600.395	0.930330194630498
600.396	0.804325995599548
600.397	0.985447554392612
600.398	0.937917430890097
600.399	1.20226561118356
600.4	0.929175963669735
600.401	1.38641268966728
600.402	0.978302658837522
600.403	1.34228314720183
600.404	0.903137859474394
600.405	1.00437351317893
600.406	0.735847692603527
600.407	0.784181566347876
600.408	0.944932026893106
600.409	1.03510233047792
600.41	0.800161968669767
600.411	1.43628086390961
600.412	0.942248316492825
600.413	1.12464223429853
600.414	1.03792872555971
600.415	1.20742519604832
600.416	0.695841899485336
600.417	1.38357168295442
600.418	0.925445565723704
600.419	1.2122049237307
600.42	1.21294069172037
600.421	1.0550627140089
600.422	0.864676139113826
600.423	1.11094658633402
600.424	1.11678476121858
600.425	0.679195391238144
600.426	0.670838859609705
600.427	0.97385985531395
600.428	1.04671517052057
600.429	1.24705959791828
600.43	1.02530450381118
600.431	1.20262081983123
600.432	0.929033662683464
600.433	0.809737399707976
600.434	0.864755524342646
600.435	0.8055218905252
600.436	1.53546648210434
600.437	0.967629962074691
600.438	1.24769016361392
600.439	0.843485015937425
600.44	0.92646179521678
600.441	1.23356563574686
600.442	0.986649588478755
600.443	0.623841447142515
600.444	1.13369044085292
600.445	1.07509414463996
600.446	0.953179605427901
600.447	1.01556216817156
600.448	1.10336965894847
600.449	0.959722960957553
600.45	0.857928300063007
600.451	0.837358770420864
600.452	1.24840617442939
600.453	1.11373336108958
600.454	0.991193608968879
600.455	0.757180665502442
600.456	0.906056987926461
600.457	0.821109326120456
600.458	0.889749736317156
600.459	0.681075110913941
600.46	1.19825730665216
600.461	0.964602412836568
600.462	0.952526033607039
600.463	0.62967448763156
600.464	0.97490840426606
600.465	1.11221398461534
600.466	1.37052801756991
600.467	1.2107234713068
600.468	0.872043358065605
600.469	0.825270757602558
600.47	0.960722835278829
600.471	0.968324358873242
600.472	1.02597661573428
600.473	1.41546492296596
600.474	0.860838873442814
600.475	1.28070663981338
600.476	1.17395429542255
600.477	0.669403659378452
600.478	0.901154006665733
600.479	1.11431995399754
600.48	0.639682159070043
600.481	1.13845390448773
600.482	1.16997341596341
600.483	1.04222293369037
600.484	0.982125871231676
600.485	1.12473264004124
600.486	1.00452530774252
600.487	1.17712820856807
600.488	0.972519381336373
600.489	1.02683728152343
600.49	0.807021896020266
600.491	0.865174379265356
600.492	0.910003561795193
600.493	0.844902916313236
600.494	1.17955402511135
600.495	1.04770309804722
600.496	0.87469180738736
600.497	1.04852963012893
600.498	1.32997264978263
600.499	0.897794128902942
600.5	1.08193322966056
